5.43152 1.42295 76.9161
5.20013 1.41844 78.4362
4.8173 1.68858 78.9717
5.02145 1.26032 79.2016
5.51044 1.57942 77.8081
4.92858 1.44808 78.3422
5.08351 1.44478 77.283
5.58618 1.3 77.2292
5.39997 1.14877 76.5498
5.35285 1.66155 76.5669
5.58431 1.63892 77.1475
5.65687 1.27108 77.9257
5.65055 0.815363 77.1688
6.27568 0.171697 79.1256
5.53967 0.324871 78.1023
5.67521 0.64297 80.1618
5.14582 1.31837 79.4704
5.34989 1.82424 79.9482
5.09017 1.42294 77.0652
6.36293 1.41846 77.9281
7.01597 1.68862 78.0109
7.046 1.26036 78.3168
5.69116 1.57943 77.7291
6.47843 1.44811 77.6649
5.59587 1.44479 77.0591
5.21493 1.29999 77.3914
4.84285 1.14876 76.7933
4.88737 1.66154 76.7703
5.15622 1.63891 77.3346
5.67807 1.27108 77.9165
5.12687 0.815352 77.3976
6.13829 0.171695 79.1857
5.88729 0.324879 77.9504
7.30661 0.643004 79.4489
7.15878 1.31841 78.5907
7.37077 1.82428 79.0651
