1 36 36 42
5.172969 0.760400 71.325909
1.520800 1.636200 3.860000
721.530000 0.000000 609.550000 0.000000 721.530000 172.850000 0.000000 0.000000 1.000000
660.556998 189.033076
656.583785 187.495188
655.789142 187.914612
655.590481 185.817491
655.987803 184.838835
657.974409 189.172884
659.365034 189.033076
657.974409 184.978643
659.762356 187.215572
661.748962 188.473844
662.146284 186.656339
662.146284 184.699027
662.543605 179.805746
666.715479 174.353233
662.146284 174.353233
658.967713 180.225170
656.981106 182.182483
656.782445 188.194228
658.371731 187.355380
663.735569 175.331890
675.853871 189.172884
675.257889 185.398067
656.583785 184.838835
675.655210 189.592308
660.755659 174.493041
656.186463 183.999987
655.789142 184.139795
655.590481 187.914612
657.577088 188.613652
662.344944 184.978643
657.179767 179.945554
665.722176 175.052274
663.735569 174.493041
676.251192 181.203827
675.257889 184.978643
676.052531 189.592308
0.019449
0.019449
0.019449
0.019449
0.019449
0.019449
0.019449
0.019449
0.019449
0.019449
0.019449
0.019449
0.019449
0.019449
0.019449
0.019449
0.019449
0.019449
0.047227
0.047227
0.047227
0.047227
0.047227
0.047227
0.047227
0.047227
0.047227
0.047227
0.047227
0.047227
0.047227
0.047227
0.047227
0.047227
0.047227
0.047227
4.023451 1.315766 70.467809
4.894717 1.314856 72.845073
5.036033 1.384586 73.201081
4.976105 0.920217 73.108173
4.776146 0.932468 72.585396
4.770485 1.423173 72.469313
4.165927 1.405056 70.830354
4.090912 0.927839 70.745595
3.919402 0.905143 70.231576
3.890820 1.342074 70.102401
3.848850 1.260427 69.742456
3.896660 0.555561 69.749013
4.028594 0.359198 70.088291
4.280723 -0.097627 70.412322
4.775653 -0.080733 71.797143
4.809598 0.447216 72.356573
5.175871 0.710273 73.275619
5.166295 1.336620 73.370673
5.501298 1.315766 69.929512
6.363098 1.314856 72.310223
6.483857 1.384586 72.673720
6.469992 0.920217 72.564034
6.286878 0.932468 72.035120
6.216553 1.423173 71.942591
5.625374 1.405056 70.298759
5.628302 0.927839 70.185609
5.429037 0.905143 69.681701
5.367844 1.342074 69.564404
5.168480 1.260427 69.261789
5.136088 0.555561 69.297559
5.253271 0.359198 69.642210
5.268610 -0.097627 70.052490
5.780284 -0.080733 71.431212
6.114093 0.447216 71.881418
6.424718 0.710273 72.820734
6.493185 1.336620 72.887360
0.026031 -0.065597 0.013738 0.025480 -0.065302 0.020205 0.016169 -0.051431 0.006312 0.021670 -0.030917 0.024211 0.023041 -0.037686 0.027594 0.033547 -0.050442 0.034178 0.019699 -0.051528 0.004472 0.029084 -0.025970 0.012977 0.020561 -0.027879 0.016931 0.027751 -0.049237 0.027451 0.010743 -0.049557 -0.039303 0.028996 -0.130176 -0.027205 0.146790 -0.002581 0.390606 0.186281 0.053084 0.475015 0.019215 0.042218 -0.013778 0.000360 0.006267 -0.015824 0.012190 -0.016439 0.035772 0.023285 -0.033965 0.029344 -0.011097 -0.065597 0.027261 -0.006516 -0.065302 0.031859 -0.008321 -0.051431 0.015232 -0.001022 -0.030917 0.032476 0.000104 -0.037686 0.035949 -0.003707 -0.050442 0.047747 -0.012208 -0.051528 0.016094 -0.013924 -0.025970 0.028642 -0.004855 -0.027879 0.026189 -0.003594 -0.049237 0.038868 -0.033505 -0.049557 -0.023186 -0.039700 -0.130176 -0.002182 0.138820 -0.002581 0.393509 0.162868 0.053084 0.483543 -0.023575 0.042218 0.001808 -0.010453 0.006267 -0.011885 0.013673 -0.016439 0.035232 0.001043 -0.033965 0.037446
0.123598 -0.034971 -0.019059 0.168334 -0.037529 0.103510 0.166690 -0.066526 0.085630 0.165352 -0.039379 0.090160 0.177107 -0.043256 0.125010 0.177777 -0.064602 0.116572 0.119878 -0.063261 -0.036296 0.123119 -0.027444 -0.035586 0.121676 -0.023991 -0.014535 0.120169 -0.048229 -0.007294 0.054483 -0.041632 -0.129993 0.031738 0.040166 -0.135394 0.041249 0.018511 -0.086171 0.021646 0.016282 -0.142054 0.131074 0.017583 0.140848 0.119321 -0.000273 0.071349 0.138662 -0.017280 0.114578 0.141604 -0.085237 0.095081 -0.106901 -0.034971 0.064899 -0.062325 -0.037529 0.187526 -0.072567 -0.066526 0.172778 -0.068628 -0.039379 0.175385 -0.055215 -0.043256 0.209632 -0.061156 -0.064602 0.203602 -0.115139 -0.063261 0.049308 -0.117164 -0.027444 0.051935 -0.102520 -0.023991 0.067127 -0.096708 -0.048229 0.071702 -0.125326 -0.041632 -0.064499 -0.111382 0.040166 -0.083263 -0.087008 0.018511 -0.039455 -0.107938 0.016282 -0.094854 -0.009780 0.017583 0.192153 -0.045479 -0.000273 0.131377 -0.032486 -0.017280 0.176917 -0.047278 -0.085237 0.163881
-0.040250 -0.019799 0.069390 -0.035001 -0.018251 0.065041 -0.021409 -0.181339 0.077341 -0.016509 -0.148338 0.053675 -0.028247 -0.145210 0.049367 -0.041931 -0.126528 0.018960 -0.010651 -0.126508 0.108246 -0.020196 -0.141093 0.079699 -0.037074 -0.131648 0.056188 -0.049704 -0.133687 0.049498 -0.101109 -0.128944 0.075331 -0.133535 -0.001135 0.057445 -0.127074 -0.071781 0.079046 -0.174243 -0.135255 -0.048781 -0.085583 -0.127651 0.129383 -0.106558 -0.104856 -0.016872 -0.072270 -0.145698 0.095540 -0.080166 -0.201364 0.059256 0.075450 -0.019799 0.027247 0.068633 -0.018251 0.027293 0.066136 -0.181339 0.045453 0.047163 -0.148338 0.030483 0.053380 -0.145210 0.019634 0.044302 -0.126528 -0.012450 0.077775 -0.126508 0.076037 0.066724 -0.141093 0.048039 0.064526 -0.131648 0.019180 0.069895 -0.133687 0.005935 0.125872 -0.128944 -0.007346 0.139198 -0.001135 -0.041896 0.148144 -0.071781 -0.021200 0.102050 -0.135255 -0.149419 0.148748 -0.127651 0.044029 0.070744 -0.104856 -0.081453 0.116787 -0.145698 0.026677 0.099497 -0.201364 -0.006185
0.114247 0.059343 0.230270 0.002844 0.059341 -0.092133 0.016705 -0.050898 -0.104100 0.017596 0.023893 -0.118004 0.017268 0.019074 -0.081944 0.010739 -0.033028 -0.096219 0.123675 -0.038753 0.224057 0.120089 0.033823 0.216971 0.129647 0.029359 0.248574 0.124784 -0.043678 0.234628 0.097535 -0.018188 0.096749 0.095921 0.076950 0.073075 0.063831 0.029359 0.021348 0.038398 -0.003284 -0.070539 0.040598 0.025340 -0.006124 0.003727 0.029423 -0.110105 0.025938 0.029826 -0.101340 0.016609 -0.047390 -0.095906 0.060618 0.059343 0.249804 -0.061434 0.059341 -0.068720 -0.079744 -0.050898 -0.068969 -0.089369 0.023893 -0.079043 -0.065926 0.019074 -0.051642 -0.070107 -0.033028 -0.066771 0.049402 -0.038753 0.251111 0.047590 0.033823 0.243378 0.060597 0.029359 0.273725 0.055352 -0.043678 0.259918 -0.012461 -0.018188 0.136814 -0.026450 0.076950 0.117648 -0.035147 0.029359 0.057401 -0.074770 -0.003284 -0.029318 -0.035026 0.025340 0.021421 -0.073669 0.029423 -0.081914 -0.085039 0.029826 -0.060917 -0.074401 -0.047390 -0.062756
0.016707 0.090744 0.085244 0.026667 0.086004 0.123436 0.014681 0.091269 0.122580 0.024119 0.119424 0.123900 0.017657 0.118656 0.124951 0.014829 0.098018 0.121877 0.000975 0.101242 0.091127 0.005878 0.121115 0.094284 -0.002977 0.128830 0.068223 -0.011207 0.122182 0.074022 -0.078706 0.135574 0.071026 -0.124943 0.174622 0.068575 -0.098534 0.106298 0.183467 -0.112141 0.005094 0.065298 -0.026772 0.026899 0.230554 -0.039373 0.084282 0.129655 -0.050402 0.056790 0.109872 -0.059446 0.092641 0.080684 0.042032 0.090744 0.076020 0.058969 0.086004 0.111670 0.067596 0.091269 0.103306 0.061218 0.119424 0.110386 0.066842 0.118656 0.107035 0.067031 0.098018 0.102863 0.057863 0.101242 0.070406 0.056138 0.121115 0.075977 0.046157 0.128830 0.050326 0.056189 0.122182 0.049473 0.105948 0.135574 0.003767 0.139777 0.174622 -0.027848 0.193449 0.106298 0.077113 0.127867 0.005094 -0.022123 0.168783 0.026899 0.159324 0.113538 0.084282 0.073958 0.109260 0.056790 0.051716 0.097412 0.092641 0.023549
-0.021716 0.147255 -0.122751 0.003166 0.150047 -0.078642 0.020948 -0.063793 -0.079640 0.026685 0.000140 -0.119040 0.040889 0.018676 -0.098573 -0.011877 0.003588 -0.116413 0.004020 -0.007438 -0.099326 0.005960 0.006244 -0.130671 0.022624 0.003417 -0.107621 -0.001439 -0.027770 -0.122018 0.046160 -0.043548 0.115525 0.051493 0.066937 0.149140 0.080478 -0.031060 0.214325 -0.032264 -0.098563 -0.046845 0.115093 -0.078652 0.307773 0.140849 -0.034087 0.184557 0.031280 -0.019400 -0.153831 -0.010283 -0.078019 -0.120551 -0.062320 0.147255 -0.107961 -0.053004 0.150047 -0.058182 -0.067262 -0.063793 -0.047510 -0.096995 0.000140 -0.073990 -0.094708 0.018676 -0.049183 -0.065777 0.003588 -0.096781 -0.066960 -0.007438 -0.073472 -0.088606 0.006244 -0.096226 -0.086542 0.003417 -0.067858 -0.077375 -0.027770 -0.094359 0.038955 -0.043548 0.118150 0.056491 0.066937 0.147320 0.076220 -0.031060 0.215876 -0.005423 -0.098563 -0.056621 0.109816 -0.078652 0.309695 0.010847 -0.034087 0.231910 -0.122890 -0.019400 -0.097676 -0.069659 -0.078019 -0.098923
0.019594 0.007537 0.064288 0.026816 0.004758 0.065383 0.035383 0.106443 0.090549 0.009657 -0.002728 0.077605 -0.008599 -0.017093 0.072243 -0.006912 0.068165 0.070247 0.007571 0.073383 0.088637 -0.019722 -0.035678 0.080045 -0.007652 -0.043979 0.089990 0.000426 0.062445 0.061535 0.090806 0.053616 0.075494 0.114456 -0.313098 0.052547 -0.001592 -0.211427 -0.191855 0.042666 -0.163389 0.116802 0.025523 -0.143243 0.048226 0.114723 -0.108801 0.252403 -0.067497 -0.091775 -0.126737 0.018229 0.107700 -0.039865 0.026344 0.007537 0.061830 0.021518 0.004758 0.067313 0.031143 0.106443 0.092093 0.042517 -0.002728 0.065636 0.053048 -0.017093 0.049788 0.050472 0.068165 0.049345 0.051210 0.073383 0.072741 0.066583 -0.035678 0.048609 0.063738 -0.043979 0.063987 0.039251 0.062445 0.047394 -0.020979 0.053616 0.116211 -0.053847 -0.313098 0.113850 -0.122174 -0.211427 -0.147934 0.042452 -0.163389 0.116880 0.011474 -0.143243 0.053344 0.074487 -0.108801 0.267059 -0.029828 -0.091775 -0.140458 -0.039598 0.107700 -0.018802
-0.054717 -0.107867 0.072795 -0.091156 -0.101051 -0.065919 -0.129332 -0.039522 -0.118323 -0.131006 -0.033653 -0.111147 -0.075130 -0.044097 0.013917 -0.062619 -0.044133 0.008230 -0.073661 -0.049221 -0.006158 -0.082866 -0.040758 -0.002266 -0.045187 -0.027806 0.116504 -0.028550 -0.033113 0.119895 -0.071628 -0.060191 -0.078195 -0.057838 -0.019393 -0.083378 0.045855 0.093986 -0.170975 0.078582 0.191802 0.028275 0.106222 0.166647 0.272443 0.072452 0.089734 0.288082 -0.055203 0.075222 0.040394 0.002943 -0.033355 0.030850 0.088717 -0.107867 0.020550 0.027404 -0.101051 -0.109104 0.022934 -0.039522 -0.173785 0.028831 -0.033653 -0.169366 0.066480 -0.044097 -0.037664 0.053243 -0.044133 -0.033972 0.052444 -0.049221 -0.052091 0.061996 -0.040758 -0.055031 0.109531 -0.027806 0.060149 0.098973 -0.033113 0.073445 0.004556 -0.060191 -0.105944 -0.009337 -0.019393 -0.101044 -0.145077 0.093986 -0.101429 -0.041987 0.191802 0.072192 0.093886 0.166647 0.276936 0.129804 0.089734 0.267192 0.068251 0.075222 -0.004573 0.017588 -0.033355 0.025516
-0.091283 -0.033546 -0.010620 -0.019295 -0.031171 0.175165 -0.000048 -0.055565 0.139770 0.034740 -0.008866 0.150399 -0.035511 -0.032923 0.172772 -0.004853 -0.016904 0.189392 -0.093655 -0.033549 -0.020338 -0.080305 -0.018868 0.000268 -0.069762 -0.041068 0.012147 -0.053758 -0.066556 0.004135 0.056286 -0.062503 0.225714 0.134439 0.057522 0.199698 0.123095 0.041598 0.026510 0.156075 0.178071 -0.159630 0.072821 0.129223 -0.068222 0.039041 0.032156 -0.055713 0.002388 0.051294 -0.167695 -0.125431 -0.056806 -0.109048 0.063068 -0.033546 -0.066842 0.127434 -0.031171 0.121720 0.089931 -0.055565 0.106996 0.070129 -0.008866 0.137509 0.138312 -0.032923 0.109458 0.125525 -0.016904 0.141903 0.058634 -0.033549 -0.075808 0.061665 -0.018868 -0.051443 0.061231 -0.041068 -0.035566 0.043824 -0.066556 -0.031408 0.102070 -0.062503 0.209038 0.025493 0.057522 0.239381 -0.077208 0.041598 0.099469 -0.222180 0.178071 -0.021853 -0.099639 0.129223 -0.005404 -0.065727 0.032156 -0.017552 -0.109683 0.051294 -0.126874 0.025912 -0.056806 -0.164174
0.046828 0.032581 -0.035094 0.049466 0.025194 0.012112 -0.004408 -0.099874 -0.061763 0.014868 0.083685 -0.033587 0.094883 0.063740 0.095676 0.065292 -0.059321 0.076338 0.006360 -0.070694 -0.097957 0.038895 0.125380 -0.103006 0.079927 0.128279 0.002618 0.059516 -0.059226 0.048022 0.026527 -0.025466 -0.055473 0.065830 -0.321436 -0.040613 -0.108074 0.057192 0.004746 -0.259084 0.100953 0.003586 -0.083241 0.115904 0.053215 -0.108310 0.084950 -0.056758 -0.237185 -0.023029 -0.179108 -0.098808 -0.062365 -0.075454 -0.058429 0.032581 0.003245 -0.030087 0.025194 0.041089 -0.036348 -0.099874 -0.050129 -0.032986 0.083685 -0.016156 -0.011120 0.063740 0.134287 -0.000898 -0.059321 0.100447 -0.067873 -0.070694 -0.070919 -0.096033 0.125380 -0.053860 -0.059519 0.128279 0.053411 -0.014687 -0.059226 0.075050 -0.055990 -0.025466 -0.025416 -0.076529 -0.321436 0.011241 0.085808 0.057192 -0.065875 0.200696 0.100953 -0.163886 0.097966 0.115904 -0.012789 0.046432 0.084950 -0.113122 0.066425 -0.023029 -0.289697 0.027132 -0.062365 -0.121327
-0.000937 0.079088 -0.038623 0.020417 0.079062 0.041629 0.035964 -0.105420 0.011731 0.059165 0.032019 -0.035892 0.052411 0.052004 0.015033 0.009964 -0.031568 0.016244 -0.000751 -0.029852 -0.026618 0.021636 0.034565 -0.064287 0.033506 0.022226 -0.023790 0.009807 -0.039819 -0.031647 -0.002870 -0.069236 0.124946 0.033919 0.250643 0.073058 -0.058673 0.022820 -0.393115 0.006213 -0.012593 0.414958 -0.055808 -0.005865 0.022611 -0.043878 -0.011696 -0.038849 0.011036 0.016432 -0.003203 -0.034915 -0.118494 -0.051850 -0.024123 0.079088 -0.030177 0.011140 0.079062 0.045009 -0.019994 -0.105420 0.032113 -0.068389 0.032019 0.010569 -0.030464 0.052004 0.045220 0.002817 -0.031568 0.018847 -0.016544 -0.029852 -0.020866 -0.057915 0.034565 -0.035311 -0.040958 0.022226 0.003333 -0.027864 -0.039819 -0.017925 0.082557 -0.069236 0.093829 0.021015 0.250643 0.077759 -0.207907 0.022820 -0.338757 0.262127 -0.012593 0.321743 0.057276 -0.005865 -0.018580 0.008613 -0.011696 -0.057968 -0.010511 0.016432 0.004646 -0.006612 -0.118494 -0.062159
-0.040730 0.163269 0.024986 -0.050124 0.162394 0.060993 -0.048176 -0.038540 0.043440 -0.091642 -0.028944 -0.034386 -0.000572 0.002442 0.107856 -0.024609 0.055911 0.031611 0.007159 0.065829 0.014810 -0.029781 0.016529 -0.059785 0.049352 0.059761 0.043589 0.014694 0.073543 -0.018591 -0.077249 0.068199 -0.148594 -0.038461 0.006561 -0.172307 0.276472 0.049760 -0.066632 0.239518 -0.090126 -0.053936 0.066739 -0.132641 0.102773 -0.061191 -0.044447 -0.189811 -0.211240 -0.114571 -0.054802 -0.109235 -0.112067 0.086559 0.047258 0.163269 -0.007064 0.077610 0.162394 0.014467 0.064829 -0.038540 0.002278 0.048057 -0.028944 -0.085271 0.069807 0.002442 0.082221 0.039175 0.055911 0.008378 0.004043 0.065829 0.015945 -0.015647 0.016529 -0.064933 -0.009756 0.059761 0.065119 -0.023208 0.073543 -0.004785 -0.036417 0.068199 -0.163467 -0.081370 0.006561 -0.156678 -0.254558 0.049760 0.126793 -0.218096 -0.090126 0.112748 0.014995 -0.132641 0.121621 -0.075223 -0.044447 -0.184700 0.126507 -0.114571 -0.177824 0.139316 -0.112067 -0.003975
-0.109791 0.095661 0.023318 -0.076079 0.097347 0.067330 -0.029738 -0.018214 0.002973 -0.069897 -0.065260 -0.097545 -0.008733 -0.072969 0.158927 -0.076321 0.043873 0.068131 -0.111389 0.033503 0.007783 -0.135951 -0.089041 -0.090884 -0.000955 -0.047282 0.117184 -0.022889 0.022206 0.037793 0.143327 0.050692 -0.059807 0.207300 -0.030317 -0.051005 0.070978 0.010582 0.023683 -0.220231 -0.038687 0.047325 -0.089923 -0.002336 0.118092 -0.082714 0.028345 -0.145113 0.268236 0.128455 0.005722 0.236056 0.046506 0.024539 0.099068 0.095661 -0.052758 0.101560 0.097347 0.002626 0.024684 -0.018214 -0.016850 -0.009215 -0.065260 -0.119648 0.108903 -0.072969 0.116079 0.102261 0.043873 0.003084 0.090300 0.033503 -0.065681 0.045649 -0.089041 -0.157031 0.076099 -0.047282 0.089117 0.041833 0.022206 0.014218 -0.148215 0.050692 0.046386 -0.191541 -0.030317 0.094271 -0.039118 0.010582 0.063785 0.199076 -0.038687 -0.105405 0.144809 -0.002336 0.032593 -0.029994 0.028345 -0.164316 -0.201717 0.128455 0.176900 -0.164973 0.046506 0.170612
-0.052983 0.077689 0.013108 -0.036557 0.079931 0.021233 -0.019669 -0.015540 0.046357 0.057353 0.173205 0.086995 -0.068215 0.146587 -0.068814 -0.057972 0.015913 -0.040931 -0.014107 -0.014003 0.051509 0.044952 0.151884 0.077468 -0.015474 0.098427 -0.052010 -0.066427 -0.128815 -0.036527 -0.109018 -0.338344 -0.007740 -0.017809 -0.253174 0.042211 0.089468 -0.056186 -0.069338 0.074582 -0.040618 -0.047823 0.038374 -0.024029 0.094520 -0.091629 0.009106 -0.057336 0.197814 0.162522 0.157865 -0.010808 0.014610 0.047602 0.049001 0.077689 -0.024039 0.041649 0.079931 -0.007253 0.044876 -0.015540 0.022847 0.012034 0.173205 0.103502 0.007976 0.146587 -0.096566 0.018065 0.015913 -0.068627 0.043931 -0.014003 0.030369 0.015403 0.151884 0.088231 -0.021602 0.098427 -0.049778 0.027372 -0.128815 -0.070693 0.078500 -0.338344 -0.076043 0.040785 -0.253174 0.020869 -0.113104 -0.056186 0.004448 -0.087868 -0.040618 0.011348 0.031407 -0.024029 0.097057 0.033287 0.009106 -0.102836 -0.049940 0.162522 0.248108 0.038892 0.014610 0.029499
-0.094597 0.019834 0.027006 -0.095345 -0.002633 0.053960 -0.068375 -0.068277 -0.006604 -0.030361 0.100830 0.010451 -0.069009 0.089827 0.028233 -0.052724 -0.134831 0.082262 -0.069172 -0.105623 -0.026738 -0.008327 0.185832 0.014640 -0.006791 0.135378 0.030939 0.005170 -0.088936 0.062097 0.123641 -0.005778 -0.120113 0.166733 0.153173 -0.216398 -0.007825 -0.042037 0.086899 -0.023418 -0.105027 -0.028870 -0.113809 -0.128840 -0.196242 0.162111 -0.045524 0.230053 0.053337 -0.006223 0.049840 -0.127349 -0.110379 -0.025516 0.089805 0.019834 -0.040161 0.107714 -0.002633 -0.020003 0.048110 -0.068277 -0.049033 0.029970 0.100830 -0.011524 0.071001 0.089827 -0.022765 0.093280 -0.134831 0.029081 0.035771 -0.105623 -0.064963 0.015792 0.185832 0.005855 0.025099 0.135378 0.019323 0.035979 -0.088936 0.050874 -0.171928 -0.005778 -0.012453 -0.266852 0.153173 -0.058468 0.061881 -0.042037 0.061509 -0.000636 -0.105027 -0.037168 -0.039067 -0.128840 -0.223467 0.023827 -0.045524 0.280422 -0.008786 -0.006223 0.072469 0.081105 -0.110379 -0.101444
-0.003675 -0.126186 0.029396 -0.017320 -0.134744 -0.001326 -0.006022 -0.051011 0.081826 0.099675 0.019988 0.171471 -0.094291 -0.003887 -0.153680 -0.106052 0.004866 -0.074377 -0.025152 -0.004541 0.138594 0.067220 0.011555 0.189530 -0.072916 0.019746 -0.200667 -0.056267 0.052351 -0.096579 0.118317 0.144411 -0.135358 0.123840 0.028296 -0.122556 0.082742 0.042217 -0.052798 -0.120350 0.068724 0.055387 -0.006019 0.034433 0.251077 0.009385 -0.039930 -0.130992 0.050166 -0.079402 -0.106940 -0.106607 -0.026377 -0.106105 0.021721 -0.126186 0.020146 0.012409 -0.134744 -0.012155 0.057238 -0.051011 0.058783 0.033958 0.019988 0.195407 -0.026639 -0.003887 -0.178322 0.033371 0.004866 -0.125161 0.108398 -0.004541 0.089949 0.070426 0.011555 0.188362 -0.073226 0.019746 -0.200554 -0.019030 0.052351 -0.110142 -0.177656 0.144411 -0.027551 -0.173652 0.028296 -0.014197 -0.097316 0.042217 0.012787 0.127779 0.068724 -0.034992 0.166091 0.034433 0.188386 -0.091435 -0.039930 -0.094269 -0.107193 -0.079402 -0.049623 0.013391 -0.026377 -0.149813
0.120165 -0.024967 -0.054931 0.059649 -0.021768 -0.018914 -0.059083 -0.005403 0.005513 -0.140021 -0.096861 0.037704 0.010548 -0.013193 -0.047422 -0.025861 0.014451 -0.011080 0.053429 0.010712 -0.025447 0.112931 0.004240 -0.042159 0.100413 -0.021844 -0.047747 0.093282 0.002944 -0.050127 0.167186 0.015675 0.102549 0.129226 0.007644 0.072858 0.196693 0.013500 -0.021789 0.072175 0.106554 -0.080427 -0.322756 -0.042110 0.065198 -0.281366 -0.058981 0.181620 -0.043440 0.026709 0.190018 -0.076234 0.057432 0.031762 -0.127344 -0.024967 0.035222 -0.057840 -0.021768 0.023881 0.048788 -0.005403 -0.033778 0.131468 -0.096861 -0.061185 -0.038577 -0.013193 -0.029528 0.012676 0.014451 -0.025117 -0.057278 0.010712 0.014878 -0.113590 0.004240 0.040350 -0.107598 -0.021844 0.028019 -0.103668 0.002944 0.021611 -0.062064 0.015675 0.186052 -0.052094 0.007644 0.138902 -0.164628 0.013500 0.109821 -0.106994 0.106554 -0.015166 0.289077 -0.042110 -0.157659 0.332261 -0.058981 -0.041890 0.155475 0.026709 0.117565 0.078803 0.057432 -0.024709
0.065668 0.058254 -0.013857 0.013794 0.053171 0.016660 0.031263 0.163136 0.082761 -0.079070 -0.114140 0.014068 -0.043011 -0.065124 0.008757 0.009638 0.162122 -0.038643 0.090391 0.152142 0.049048 0.025213 -0.116018 0.032859 0.062677 -0.118542 0.014061 0.045490 0.002254 -0.075568 -0.038313 -0.285487 -0.058300 0.070098 0.062071 -0.120049 0.111714 -0.015944 0.016609 -0.240022 -0.020170 0.055312 0.006594 0.112539 -0.094668 0.152851 0.118318 0.037241 -0.073522 0.121040 0.010974 -0.241119 -0.048122 -0.036110 -0.059196 0.058254 0.031625 0.000153 0.053171 0.021629 0.029290 0.163136 0.083480 0.069595 -0.114140 -0.040082 0.038568 -0.065124 -0.020957 -0.032233 0.162122 -0.023392 -0.037670 0.152142 0.095693 0.001828 -0.116018 0.041377 -0.038951 -0.118542 0.051078 -0.083436 0.002254 -0.028608 -0.008159 -0.285487 -0.069284 -0.130887 0.062071 -0.046841 -0.074861 -0.015944 0.084568 0.219367 -0.020170 -0.112018 -0.065936 0.112539 -0.068249 -0.093092 0.118318 0.126824 0.063356 0.121040 -0.038884 0.161408 -0.048122 -0.182729
-0.103673 0.150386 0.063465 -0.095364 0.167090 0.026467 0.038271 -0.104577 0.046001 0.048326 -0.035509 -0.006365 -0.059252 -0.084421 -0.000411 0.016715 0.019116 -0.102578 0.076079 -0.003941 0.083287 -0.004070 -0.083440 0.028804 0.042352 -0.001504 -0.092447 0.049391 0.094186 -0.099360 0.122930 0.237294 -0.078395 -0.032236 -0.165506 0.081385 -0.135757 -0.002672 -0.014783 0.060873 0.073277 0.006752 0.116833 0.113672 -0.133542 -0.082698 0.069096 0.144207 0.071507 0.129659 0.131065 -0.104099 -0.256340 -0.000767 0.120204 0.150386 -0.018080 0.090046 0.167090 -0.041067 0.000281 -0.104577 0.059839 -0.041098 -0.035509 0.026208 0.045107 -0.084421 -0.038423 -0.078774 0.019116 -0.067797 -0.004690 -0.003941 0.112706 0.021642 -0.083440 0.019439 -0.091888 -0.001504 -0.043551 -0.101725 0.094186 -0.044317 -0.144552 0.237294 0.019034 0.077027 -0.165506 0.041586 0.094446 -0.002672 -0.098633 -0.042270 0.073277 0.044321 -0.175351 0.113672 -0.027115 0.156072 0.069096 0.057236 0.029540 0.129659 0.146351 0.079219 -0.256340 -0.067539
-0.051605 0.110999 0.007971 -0.005807 0.128300 0.027171 0.134282 0.081407 0.040722 0.092816 0.042433 0.043775 -0.013258 0.019157 -0.010029 -0.012958 0.018836 -0.042078 -0.016526 -0.012855 0.074355 -0.070097 -0.081568 0.051480 -0.045130 -0.099596 0.022611 -0.004259 -0.123134 -0.058720 0.081838 -0.188506 -0.203870 0.020259 0.127423 -0.122329 -0.174536 0.028898 0.057261 0.142371 0.099571 -0.018893 -0.031941 0.033902 0.004230 -0.268840 -0.066537 0.145395 -0.121516 -0.047467 -0.166068 0.151831 0.108772 -0.121733 0.044643 0.110999 -0.027087 0.021922 0.128300 0.017071 -0.076634 0.081407 0.117547 -0.042918 0.042433 0.093216 0.003702 0.019157 -0.016207 -0.017141 0.018836 -0.040555 0.060477 -0.012855 0.046307 0.086785 -0.081568 -0.005664 0.049100 -0.099596 -0.011712 -0.034505 -0.123134 -0.047704 -0.193787 -0.188506 -0.103475 -0.094190 0.127423 -0.080642 0.170476 0.028898 -0.068407 -0.121169 0.099571 0.077100 0.027179 0.033902 -0.017304 0.299372 -0.066537 -0.061573 -0.013760 -0.047467 -0.205318 -0.194556 0.108772 0.004436
0.062480 -0.098515 -0.025911 -0.018136 -0.105310 0.002108 -0.085438 0.062132 -0.045520 -0.181778 -0.003851 0.023178 -0.027736 0.038750 0.046101 0.016733 0.029819 0.069785 0.028611 0.011931 -0.109290 0.015916 0.028572 -0.036693 0.049593 -0.014019 0.016013 0.085056 -0.019011 0.012488 0.121566 -0.001116 -0.010907 0.096319 0.084287 -0.045351 -0.225222 -0.199537 0.041140 0.072492 -0.167294 0.009613 0.313358 0.057992 0.117580 -0.207022 -0.101641 -0.114150 0.010408 0.126532 0.058910 -0.160318 0.016507 -0.070572 -0.064508 -0.098515 0.020343 0.015243 -0.105310 -0.010050 0.036146 0.062132 -0.089806 0.154101 -0.003851 -0.099164 0.050889 0.038750 0.017462 0.032070 0.029819 0.064199 -0.092199 0.011931 -0.065286 -0.035787 0.028572 -0.017861 -0.027676 -0.014019 0.044158 -0.057099 -0.019011 0.064267 -0.100103 -0.001116 0.069834 -0.102922 0.084287 0.027222 0.198920 -0.199537 -0.113351 -0.049327 -0.167294 0.053985 -0.164326 0.057992 0.291573 0.085107 -0.101641 -0.220556 0.029919 0.126532 0.051804 0.077372 0.016507 -0.157149
0.053291 0.048222 -0.045620 0.057768 0.058274 -0.031640 -0.014863 0.065078 -0.073921 0.294021 0.129873 -0.044381 -0.063781 -0.100412 0.043193 0.000739 -0.083188 0.033327 -0.071925 -0.141292 -0.036216 -0.001166 -0.126230 -0.049474 -0.041932 -0.157433 0.072981 0.012426 -0.090557 0.034569 0.016832 0.148903 0.066250 -0.136491 -0.040167 -0.151797 0.095342 0.035167 -0.019920 0.030730 -0.123804 -0.006210 -0.059466 -0.018076 0.045224 -0.015104 0.044546 -0.028219 0.001431 0.162760 0.103603 -0.219911 0.171934 -0.195668 -0.070147 0.048222 -0.000658 -0.064584 0.058274 0.012926 -0.036162 0.065078 -0.066163 -0.253685 0.129873 0.155118 0.076619 -0.100412 -0.007947 0.020869 -0.083188 0.025995 0.031783 -0.141292 -0.073991 -0.030927 -0.126230 -0.038633 0.079047 -0.157433 0.028916 0.012718 -0.090557 0.034463 0.029720 0.148903 0.061556 0.006886 -0.040167 -0.204022 -0.085818 0.035167 0.046067 -0.027526 -0.123804 0.015009 0.074622 -0.018076 -0.003616 -0.006584 0.044546 -0.031322 0.065537 0.162760 0.080253 0.042548 0.171934 -0.291268
0.137968 0.062497 -0.035568 0.191458 0.060797 -0.022641 -0.018719 -0.060808 0.006114 -0.121095 -0.105572 -0.002701 0.136187 0.028375 -0.005476 -0.008252 0.048042 0.005756 -0.073443 0.011040 0.055848 -0.070673 -0.015229 0.040720 -0.056559 0.033167 0.008987 -0.050408 0.100647 0.017673 -0.152155 0.017466 0.049155 -0.019237 -0.036907 -0.198143 -0.190385 -0.193113 0.035971 0.185674 0.142576 -0.032695 -0.218173 -0.026351 0.077267 0.083330 0.047250 -0.043740 0.193733 0.083105 -0.089581 -0.086915 -0.100410 -0.131638 -0.128522 0.062497 0.061499 -0.161168 0.060797 0.105801 0.018266 -0.060808 -0.007358 0.090990 -0.105572 -0.079951 -0.107805 0.028375 0.083396 0.010021 0.048042 -0.000900 0.092157 0.011040 -0.004471 0.080306 -0.015229 -0.014273 0.049089 0.033167 -0.029495 0.049966 0.100647 -0.018887 0.148125 0.017466 -0.060220 -0.112707 -0.036907 -0.164097 0.168920 -0.193113 -0.094904 -0.163205 0.142576 0.094382 0.216757 -0.026351 -0.081154 -0.091941 0.047250 0.020101 -0.205962 0.083105 0.056005 -0.018111 -0.100410 -0.156700
0.153084 0.076439 -0.035441 0.128386 0.081382 -0.028130 -0.047637 0.043302 0.026016 -0.232524 -0.039346 0.112792 -0.004333 0.029085 0.021812 -0.067168 -0.140995 0.061735 -0.048436 -0.117535 0.006405 -0.019579 -0.012351 0.030844 0.011952 -0.015766 0.008909 -0.015812 -0.081793 -0.006215 0.175646 0.006135 -0.318555 -0.226291 0.005376 0.281873 0.023790 0.066490 -0.046625 -0.000615 -0.049367 0.036439 -0.017894 -0.004982 -0.014932 0.105643 0.037006 -0.033112 0.095346 0.013828 -0.091500 -0.071713 0.081064 -0.013601 -0.140016 0.076439 0.071319 -0.116402 0.081382 0.061032 0.053209 0.043302 -0.010717 0.250595 -0.039346 -0.063181 0.017346 0.029085 0.013916 0.091138 -0.140995 0.004073 0.041208 -0.117535 -0.026248 0.034830 -0.012351 0.011025 -0.003422 -0.015766 0.014508 0.008111 -0.081793 -0.014928 -0.339379 0.006135 -0.130960 0.354568 0.005376 0.070298 -0.048203 0.066490 -0.020402 0.023907 -0.049367 0.027507 0.004099 -0.004982 -0.022942 -0.102191 0.037006 0.042591 -0.131859 0.013828 -0.008742 0.046165 0.081064 -0.056537
-0.042485 0.074370 -0.011834 -0.030128 0.091307 0.037896 -0.074077 -0.067333 0.085252 -0.153088 -0.050984 0.081903 0.258779 0.130362 -0.131085 -0.052740 -0.082391 -0.042516 -0.047708 -0.109593 0.107268 -0.025405 -0.107100 0.039235 0.046188 -0.048748 -0.079945 -0.073963 -0.153155 -0.055355 0.050675 0.070848 0.140855 0.142929 -0.035558 -0.108800 -0.072054 0.067357 -0.006578 0.032334 -0.049009 -0.000497 0.093121 0.038973 -0.004624 0.135795 0.156450 -0.058123 -0.195813 0.019608 0.167999 0.074820 0.182302 0.021924 0.024921 0.074370 -0.036386 0.047443 0.091307 0.009641 0.111554 -0.067333 0.017637 0.169901 -0.050984 -0.035744 -0.282464 0.130362 0.066060 0.013040 -0.082391 -0.066476 0.105522 -0.109593 0.051455 0.044688 -0.107100 0.013704 -0.086785 -0.048748 -0.031510 0.021034 -0.153155 -0.089957 0.051788 0.070848 0.140449 -0.179421 -0.035558 0.008615 0.050943 0.067357 -0.051379 -0.025079 -0.049009 0.020415 -0.074280 0.038973 0.056351 -0.141365 0.156450 0.042831 0.257990 0.019608 0.002704 -0.043191 0.182302 0.064909
-0.082567 0.107800 0.015966 -0.125175 0.091846 0.014635 0.000473 0.022367 -0.068104 -0.036314 -0.003598 0.054670 -0.246867 -0.160114 0.060812 0.043643 -0.008319 0.019163 0.105175 0.047397 -0.095242 0.147780 0.057889 -0.034892 0.012094 -0.017176 -0.038741 0.088540 -0.000035 0.036000 0.091641 -0.077014 0.006826 0.028560 -0.021636 0.023037 -0.196986 -0.033859 -0.000158 0.112392 0.133218 0.002245 -0.131834 0.008459 0.129864 0.244642 0.036854 -0.168038 -0.040630 -0.174512 0.171410 0.026831 0.125057 -0.083152 0.073493 0.107800 -0.040878 0.105263 0.091846 -0.069301 -0.044164 0.022367 -0.051845 0.062969 -0.003598 0.018507 0.228146 -0.160114 -0.112209 -0.021094 -0.008319 0.042743 -0.141792 0.047397 -0.005285 -0.135601 0.057889 0.068327 -0.034178 -0.017176 -0.021887 -0.044644 -0.000035 0.084512 -0.065783 -0.077014 0.064167 -0.007053 -0.021636 0.036008 0.150737 -0.033859 -0.126814 -0.084618 0.133218 0.074005 0.184473 0.008459 0.014651 -0.295406 0.036854 0.028671 0.141355 -0.174512 0.105123 -0.074025 0.125057 -0.046416
-0.274483 -0.093372 0.133261 -0.281370 -0.061443 0.075558 0.012319 0.109839 0.029874 0.007244 -0.018491 -0.012941 0.317723 0.111147 -0.073470 0.106342 0.006878 0.005777 0.049933 -0.045137 -0.005642 0.141234 -0.048515 -0.110262 0.067165 -0.079828 0.040965 0.053791 0.038020 -0.002081 -0.016913 -0.001332 -0.109183 -0.116478 0.007181 0.070876 0.018271 -0.093242 -0.003529 0.030864 0.010213 -0.007182 -0.154380 0.006610 0.065049 0.021739 -0.021107 -0.023990 0.088183 0.038685 -0.084677 -0.129871 0.044674 -0.062745 0.295888 -0.093372 -0.074494 0.264051 -0.061443 -0.123108 0.009780 0.109839 0.030799 -0.013869 -0.018491 -0.005250 -0.290543 0.111147 0.148088 -0.077714 0.006878 0.072819 -0.041865 -0.045137 0.027795 -0.179064 -0.048515 0.006405 -0.025084 -0.079828 0.074566 -0.042528 0.038020 0.033003 -0.057271 -0.001332 -0.094483 0.134776 0.007181 -0.020641 -0.016260 -0.093242 0.009048 -0.028253 0.010213 0.014351 0.160051 0.006610 -0.049481 -0.032076 -0.021107 -0.004388 -0.121985 0.038685 -0.008124 0.059092 0.044674 -0.131574
-0.079206 0.101006 0.013562 -0.014926 0.087023 0.007186 0.102429 0.039404 -0.082045 -0.214963 -0.097428 0.137708 0.053260 -0.012971 -0.039862 0.179063 -0.046584 -0.008609 0.062582 -0.040580 -0.105987 -0.032083 0.075318 0.095746 -0.160363 0.011541 0.022075 0.047007 0.006945 0.043980 -0.040478 0.020319 0.142786 -0.087260 -0.060457 -0.150581 0.112146 0.168690 -0.032148 -0.120832 0.053456 0.039771 0.139487 0.008470 -0.056992 -0.103160 -0.132872 0.056269 0.190344 -0.173270 0.033955 -0.048529 0.062425 -0.185926 0.069373 0.101006 -0.040557 0.016051 0.087023 -0.004097 -0.131201 0.039404 0.003054 0.253172 -0.097428 -0.032808 -0.066420 -0.012971 0.003730 -0.142652 -0.046584 0.108574 -0.116088 -0.040580 -0.040908 0.086147 0.075318 0.052682 0.136993 0.011541 -0.086235 -0.007709 0.006945 0.063910 0.122830 0.020319 0.083302 -0.030030 -0.060457 -0.171427 -0.106550 0.168690 0.047511 0.118105 0.053456 -0.047260 -0.143465 0.008470 0.046072 0.115183 -0.132872 -0.023261 -0.123914 -0.173270 0.148422 -0.082419 0.062425 -0.173582
0.030241 0.099223 0.047304 -0.057260 0.106042 -0.007276 -0.098148 0.059260 0.050141 0.015986 -0.070253 0.008907 -0.043009 -0.146681 0.029649 -0.189041 -0.196684 0.079392 -0.045891 -0.119771 0.046123 0.216040 0.008365 -0.046077 0.216458 0.075464 -0.144029 -0.006647 0.081687 0.008240 -0.161315 0.007373 0.077703 -0.047183 0.052365 -0.092372 0.043799 -0.176659 0.001785 -0.074751 0.107284 0.019504 0.110223 0.100397 -0.067110 -0.063664 -0.080129 0.062639 0.066144 -0.004996 -0.149118 0.032014 0.164974 0.082308 0.007267 0.099223 0.055672 0.039166 0.106042 -0.042399 0.107403 0.059260 -0.024730 -0.006512 -0.070253 0.017102 0.052003 -0.146681 -0.004958 0.195817 -0.196684 -0.060790 0.064805 -0.119771 0.005803 -0.195064 0.008365 0.103665 -0.258383 0.075464 0.028929 0.010390 0.081687 0.002034 0.173500 0.007373 -0.044251 -0.023280 0.052365 -0.101079 -0.032390 -0.176659 0.029536 0.069784 0.107284 -0.033142 -0.127564 0.100397 0.019502 0.089036 -0.080129 0.007019 -0.146555 -0.004996 -0.071643 0.028423 0.164974 0.083616
-0.011473 0.049192 0.026250 0.020944 0.067538 -0.040713 0.021175 -0.009128 -0.081496 0.035528 0.071231 0.049392 0.053188 0.095919 -0.037216 0.024990 -0.015358 0.054709 -0.085468 -0.049646 -0.039801 -0.128735 0.002108 0.090167 -0.097435 0.000772 0.030444 0.069061 0.080812 -0.028280 0.118378 -0.004606 -0.019031 -0.125624 0.072416 0.024770 0.192347 -0.408406 0.001466 -0.128244 0.167691 -0.004194 0.018411 0.102429 -0.004936 0.044155 -0.088100 -0.060622 -0.187932 0.011877 0.169836 0.127288 -0.076408 -0.057470 0.025668 0.049192 0.012721 -0.042222 0.067538 -0.017705 -0.068629 -0.009128 -0.048785 0.004562 0.071231 0.060671 -0.064664 0.095919 0.005711 0.016051 -0.015358 0.057965 0.039847 -0.049646 -0.085447 0.156568 0.002108 -0.013753 0.094189 0.000772 -0.039354 -0.071071 0.080812 0.022762 -0.102885 -0.004606 0.061563 0.112126 0.072416 -0.061829 -0.146343 -0.408406 0.124832 0.095503 0.167691 -0.085693 -0.017273 0.102429 0.008062 -0.072800 -0.088100 -0.018022 0.253137 0.011877 0.009179 -0.134431 -0.076408 0.037860
-0.046519 -0.064796 0.070710 -0.050599 -0.063274 0.029794 0.053441 -0.001083 -0.068983 -0.036697 0.003953 0.017207 -0.069215 -0.032128 0.039879 0.094201 -0.021864 0.039566 0.044549 -0.040291 -0.047567 -0.323828 -0.157676 0.173758 0.325240 0.214647 -0.239205 0.116512 0.021696 -0.004275 -0.028274 -0.056272 0.044895 -0.079761 0.005080 -0.009861 0.021766 0.041615 -0.005995 0.029135 -0.088379 -0.001276 -0.088053 -0.061267 0.028693 0.017211 0.016585 -0.002424 -0.019601 0.094774 -0.031528 0.053356 0.042086 -0.115761 0.081099 -0.064796 0.024226 0.057907 -0.063274 -0.009729 -0.085289 -0.001083 -0.018451 0.039167 0.003953 -0.010426 0.078649 -0.032128 -0.013980 -0.046686 -0.021864 0.090884 -0.064706 -0.040291 -0.007772 0.359719 -0.157676 -0.075221 -0.402894 0.214647 0.026013 -0.091967 0.021696 0.071662 0.050525 -0.056272 0.016193 0.054733 0.005080 -0.058849 -0.020523 0.041615 0.009408 -0.023130 -0.088379 0.017761 0.085879 -0.061267 -0.034661 -0.014738 0.016585 0.009213 -0.005268 0.094774 -0.036748 -0.115309 0.042086 -0.054325
-0.020279 0.028879 0.008295 0.087544 0.062347 -0.073877 -0.009231 0.189381 -0.056391 0.135274 0.028133 -0.091523 0.127780 0.015485 -0.048624 -0.034050 -0.058390 0.034039 -0.149437 -0.054238 -0.005669 -0.160903 -0.121597 0.027698 0.088729 0.035422 0.001110 -0.012513 0.143341 0.082348 -0.043008 -0.086312 -0.090247 0.234331 -0.020252 0.128527 -0.073788 0.084931 0.006085 -0.002288 0.140997 -0.001210 0.075112 -0.043511 0.010958 0.001188 -0.125310 -0.036451 0.065397 -0.218621 0.169730 -0.228077 0.010717 0.086546 0.020863 0.028879 -0.006690 -0.114551 0.062347 -0.000265 -0.029200 0.189381 -0.049118 -0.162447 0.028133 0.016920 -0.129118 0.015485 0.044950 0.047966 -0.058390 0.004165 0.110783 -0.054238 -0.100452 0.141023 -0.121597 -0.082277 -0.067229 0.035422 0.057917 0.062545 0.143341 0.055008 -0.025110 -0.086312 -0.096766 -0.096772 -0.020252 0.249130 0.060416 0.084931 -0.042798 0.000974 0.140997 -0.002398 -0.050468 -0.043511 0.056700 -0.024353 -0.125310 -0.027148 0.059087 -0.218621 0.172029 0.230309 0.010717 -0.080418
-0.042862 -0.075229 -0.044035 0.027818 -0.073106 0.034881 0.193677 0.119068 0.067067 -0.002349 -0.125567 -0.141688 0.036275 0.013763 0.003717 -0.240774 0.040558 0.039933 -0.195606 0.084796 0.131104 0.064532 0.108361 -0.101377 0.139996 0.098896 0.018170 -0.035067 -0.006435 0.007254 0.220384 -0.068553 0.104491 -0.227989 -0.066257 -0.078755 -0.023500 0.098299 0.010543 0.011458 0.029374 -0.005409 0.061505 -0.031658 -0.009456 0.026512 -0.044276 -0.030345 -0.020367 -0.043109 0.117677 0.033946 -0.101904 -0.185427 0.004500 -0.075229 -0.061286 0.001133 -0.073106 0.044601 -0.105170 0.119068 0.175920 -0.089329 -0.125567 -0.110006 -0.025386 0.013763 0.026177 0.210052 0.040558 -0.124278 0.234102 0.084796 -0.025415 -0.114616 0.108361 -0.036124 -0.095513 0.098896 0.103953 0.031517 -0.006435 -0.016999 -0.101551 -0.068553 0.221754 0.123927 -0.066257 -0.206939 0.024776 0.098299 -0.007041 -0.012252 0.029374 0.003227 -0.053178 -0.031658 0.032317 -0.039818 -0.044276 -0.006185 0.091281 -0.043109 0.077010 -0.145253 -0.101904 -0.120155
-0.037096 -0.044004 0.022545 0.006262 -0.050274 -0.038596 0.354139 0.118009 0.010684 -0.108898 -0.026317 -0.013743 -0.025808 -0.065644 0.077731 -0.113494 -0.248036 -0.070312 0.053126 -0.162003 0.043164 -0.018346 0.105422 -0.013838 -0.124265 0.047860 0.107795 0.089884 0.131913 -0.199944 -0.181146 0.029419 -0.031710 0.164498 -0.000461 0.074947 0.009043 -0.010520 -0.006231 0.023910 -0.059098 -0.008659 -0.029653 -0.023006 0.051916 0.001040 0.070241 -0.029268 -0.094986 0.131058 0.046332 0.006658 0.005778 -0.046173 0.042906 -0.044004 -0.006596 -0.029618 -0.050274 -0.025527 -0.264305 0.118009 0.235949 0.074548 -0.026317 -0.080562 0.069756 -0.065644 0.042922 0.041684 -0.248036 -0.126835 -0.012919 -0.162003 0.067221 0.005148 0.105422 -0.022395 0.164483 0.047860 0.002620 -0.197423 0.131913 -0.095294 0.118315 0.029419 -0.140787 -0.077759 -0.000461 0.163188 -0.010932 -0.010520 0.001044 -0.023878 -0.059098 0.008748 0.056096 -0.023006 0.020682 -0.019620 0.070241 -0.021743 0.102533 0.131058 -0.025613 -0.034795 0.005778 -0.031074
-0.004591 -0.024284 -0.068758 0.009750 -0.049080 0.060194 0.040658 0.018083 0.157431 -0.009717 0.031653 -0.154946 -0.032438 -0.014848 0.106922 0.064208 -0.023871 -0.261677 0.170925 -0.016932 0.074927 -0.203723 0.062798 -0.051582 0.068105 0.128594 0.120506 -0.078160 -0.243504 -0.089913 0.070981 0.088648 0.042294 -0.059633 0.025363 -0.033689 0.026958 -0.165665 -0.010583 -0.031671 0.151863 0.011984 0.014678 0.037171 0.032495 0.007109 -0.005203 -0.018943 0.090369 -0.131926 -0.013392 -0.147154 0.145572 0.119110 -0.040706 -0.024284 -0.055603 0.031248 -0.049080 0.052364 0.070120 0.018083 0.146700 -0.092214 0.031653 -0.124896 0.093607 -0.014848 0.061011 -0.217466 -0.023871 -0.159079 -0.082693 -0.016932 0.167306 0.122822 0.062798 -0.170524 0.025354 0.128594 0.136077 0.002022 -0.243504 -0.119119 -0.027150 0.088648 0.078038 0.023996 0.025363 -0.064151 -0.027449 -0.165665 0.009234 0.031959 0.151863 -0.011193 0.009660 0.037171 0.034323 -0.017627 -0.005203 -0.009933 -0.077812 -0.131926 0.047867 0.189287 0.145572 -0.003437
0.016042 0.021437 -0.045668 -0.067395 0.041818 -0.010699 0.111028 0.234255 -0.042711 -0.020840 0.066778 0.077866 -0.071423 0.093633 -0.121342 -0.078534 -0.064051 0.038450 -0.072732 -0.034500 -0.102728 -0.050139 -0.046370 0.059385 -0.006617 -0.094825 0.014169 0.211878 -0.081029 -0.006915 0.118718 0.035531 0.184721 -0.062740 -0.038899 -0.117326 -0.040131 0.004795 -0.006754 0.039744 -0.033514 0.002584 -0.078430 0.081573 0.065882 0.002572 0.102184 -0.037552 0.070339 -0.061992 -0.155007 -0.022080 -0.179708 0.341784 -0.041656 0.021437 -0.024652 0.044725 0.041818 -0.051538 -0.112488 0.234255 0.038703 0.066038 0.066778 0.046221 -0.023351 0.093633 -0.138852 0.084866 -0.064051 -0.021067 -0.010377 -0.034500 -0.125440 0.076588 -0.046370 0.013226 0.014180 -0.094825 0.006594 -0.166689 -0.081029 0.130976 0.027899 0.035531 0.217801 -0.027417 -0.038899 -0.130192 0.026386 0.004795 -0.030982 -0.028772 -0.033514 0.027540 0.102429 0.081573 0.000005 -0.026122 0.102184 -0.027101 -0.153555 -0.061992 -0.073455 0.236728 -0.179708 0.247515
-0.094601 0.046153 -0.065951 0.032213 0.031534 -0.016760 0.213463 0.141882 -0.076247 0.008694 -0.155583 0.039272 0.001266 -0.088039 -0.099984 0.039815 0.002200 0.043669 -0.002677 0.108215 -0.095800 0.046208 0.050202 0.059826 0.040073 0.052660 -0.106136 -0.250244 -0.270650 0.300638 -0.086175 0.158225 -0.089511 0.084068 0.029619 0.062981 0.046084 -0.108865 -0.016482 0.006236 0.002621 0.004463 -0.024417 0.003432 0.031702 -0.035383 0.024771 -0.009634 -0.064827 0.109832 0.017472 -0.012464 -0.070244 0.026801 0.030022 0.046153 -0.111344 -0.035446 0.031534 0.007885 -0.212494 0.141882 0.078906 0.018601 -0.155583 0.035664 -0.065275 -0.088039 -0.075747 -0.002402 0.002200 0.059046 -0.059565 0.108215 -0.075079 0.003095 0.050202 0.075530 -0.098948 0.052660 -0.055498 0.384978 -0.270650 0.069262 0.008417 0.158225 -0.123966 -0.023867 0.029619 0.102296 -0.045889 -0.108865 0.017018 -0.001905 0.002621 0.007428 0.039086 0.003432 0.008572 0.020898 0.024771 -0.030134 0.060878 0.109832 -0.028315 0.026782 -0.070244 0.012506
-0.028419 -0.002125 0.071882 0.062743 0.005590 -0.018186 0.039012 0.053623 -0.004438 -0.066074 -0.053064 -0.036617 -0.121515 -0.055637 0.024873 0.374040 0.175338 -0.101185 -0.356506 -0.252578 0.175025 0.108372 0.043651 -0.073051 -0.020434 0.072392 -0.076567 0.002345 0.005850 -0.022330 0.034757 -0.024048 0.017928 0.024146 0.021897 0.007027 0.005927 -0.017198 -0.007038 0.013392 -0.073851 0.001109 -0.018756 0.057173 0.014146 0.006536 -0.007073 -0.003967 -0.035537 0.012135 -0.023368 -0.010240 0.020489 0.095909 0.067993 -0.002125 0.036765 -0.059741 0.005590 0.026428 -0.032727 0.053623 0.021693 0.027045 -0.053064 -0.070535 0.109045 -0.055637 -0.059107 -0.351493 0.175338 0.163086 0.385557 -0.252578 -0.095267 -0.129967 0.043651 0.013763 -0.033598 0.072392 -0.071773 -0.016158 0.005850 -0.015591 -0.015084 -0.024048 0.036082 -0.013970 0.021897 0.020911 -0.009065 -0.017198 -0.001577 -0.009542 -0.073851 0.009463 0.023460 0.057173 -0.001232 -0.007556 -0.007073 0.001166 0.012182 0.012135 -0.040749 0.069525 0.020489 0.066854
0.052204 -0.000866 0.037436 -0.020242 -0.006361 0.005380 -0.031882 0.123416 0.025834 -0.084802 0.118579 0.104679 -0.073539 0.059233 0.016559 0.047586 0.010663 -0.076714 0.024166 -0.068997 0.009995 0.041941 -0.083565 -0.095276 0.074259 -0.080687 0.029910 -0.014970 -0.073288 -0.004941 -0.028781 0.062327 0.037024 0.002680 -0.022801 -0.026304 -0.045062 0.092630 0.013930 -0.081344 0.300008 0.033567 0.075314 -0.356997 0.003716 0.084523 -0.220227 -0.049642 -0.067694 0.245401 -0.031318 0.053404 -0.105412 0.012856 -0.015897 -0.000866 0.062241 0.018960 -0.006361 -0.008900 0.041028 0.123416 -0.000723 0.132261 0.118579 0.025615 0.066961 0.059233 -0.034617 -0.085777 0.010663 -0.028137 -0.012077 -0.068997 0.023196 -0.093393 -0.083565 -0.045981 -0.037626 -0.080687 0.070664 0.008285 -0.073288 -0.013412 0.045851 0.062327 0.009840 -0.018969 -0.022801 -0.018418 0.043464 0.092630 -0.018316 0.083877 0.300008 -0.026614 -0.055280 -0.356997 0.051285 -0.096649 -0.220227 0.016349 0.031693 0.245401 -0.067519 -0.032625 -0.105412 0.044191
-0.062216 -0.005075 -0.064083 0.007181 0.029233 0.125643 -0.002433 -0.142245 -0.033056 0.134203 -0.235139 -0.010417 0.084562 -0.154628 -0.125562 -0.015561 -0.017910 -0.054490 -0.047048 0.039357 -0.052148 -0.053504 0.113639 0.082858 -0.155460 0.104388 0.018028 0.189507 0.078440 0.069974 0.136643 -0.101228 -0.008829 -0.054000 0.003320 -0.007251 -0.048440 0.016885 -0.007229 -0.008447 0.080075 0.020480 0.067495 -0.190170 0.001630 0.014469 -0.001465 -0.020812 -0.067777 0.212719 -0.078842 -0.102543 0.186109 0.185978 0.006426 -0.005075 -0.089085 0.075310 0.029233 0.100827 -0.019397 -0.142245 -0.026878 -0.109464 -0.235139 0.078337 -0.145508 -0.154628 -0.041760 -0.023130 -0.017910 -0.051733 0.002487 0.039357 -0.070191 0.094261 0.113639 0.029036 0.130636 0.104388 -0.086181 -0.100107 0.078440 0.175465 -0.110311 -0.101228 0.081123 0.036686 0.003320 -0.040282 0.032443 0.016885 -0.036690 0.019640 0.080075 0.010249 -0.050635 -0.190170 0.044658 -0.024465 -0.001465 -0.006630 0.001192 0.212719 -0.103963 0.198134 0.186109 0.076458
-0.025051 -0.031484 0.097373 0.075939 0.044746 -0.033192 -0.056725 0.127664 0.133629 -0.003544 0.032794 -0.038107 -0.004126 -0.024650 -0.009702 0.103705 -0.197191 -0.069034 0.189482 -0.070452 -0.087292 0.002814 -0.065426 -0.060703 -0.106672 0.074710 -0.062552 -0.320163 0.255080 0.130882 0.244419 -0.147437 0.084579 -0.040337 0.004720 -0.082013 0.004425 0.018081 0.003742 0.027444 -0.055021 -0.003695 -0.024793 0.006919 0.033648 -0.034496 0.057920 -0.024698 -0.049547 0.063852 -0.029924 0.023498 -0.070236 0.043980 0.081809 -0.031484 0.058450 -0.079497 0.044746 0.023424 0.129381 0.127664 0.065841 -0.021795 0.032794 -0.031460 -0.003081 -0.024650 -0.010083 -0.123810 -0.197191 0.013837 -0.201236 -0.070452 0.055024 -0.041196 -0.065426 -0.044673 0.041452 0.074710 -0.116505 0.329337 0.255080 -0.105695 -0.132763 -0.147437 0.221965 -0.021860 0.004720 -0.088743 -0.000982 0.018081 0.005711 -0.023391 -0.055021 0.014822 0.040626 0.006919 0.009820 0.010530 0.057920 -0.041099 0.018695 0.063852 -0.054780 0.010293 -0.070236 0.048790
-0.244497 -0.111609 0.172844 0.330162 0.087696 0.079430 0.083896 -0.115921 -0.018590 -0.071860 -0.015256 -0.187105 -0.207744 0.210386 -0.114126 0.010368 -0.037633 0.175499 0.059956 0.041626 -0.004701 0.060346 -0.059492 -0.028417 0.031221 -0.127532 -0.048567 0.028537 -0.009744 -0.055171 -0.016636 0.029240 -0.002357 -0.007773 -0.000465 -0.015790 0.010318 -0.048426 0.008034 -0.038197 0.061965 -0.000426 0.044342 -0.090383 -0.008661 -0.027421 0.089841 0.000650 0.021244 -0.026387 -0.023831 -0.061599 0.095214 0.033569 0.298385 -0.111609 -0.024898 -0.201730 0.087696 0.273168 -0.076198 -0.115921 0.039724 -0.065313 -0.015256 -0.189490 0.085675 0.210386 -0.221003 0.104934 -0.037633 0.141054 -0.048934 0.041626 0.034962 -0.064485 -0.059492 0.017052 -0.055144 -0.127532 -0.017109 -0.057335 -0.009744 -0.023892 0.011223 0.029240 -0.012504 -0.004204 -0.000465 -0.017090 -0.002733 -0.048426 0.012788 0.028974 0.061965 -0.024893 -0.039524 -0.090383 0.021887 0.021416 0.089841 -0.017138 -0.031594 -0.026387 -0.004585 0.068759 0.095214 -0.013913
0.020800 0.009700 0.007200 0.005700 0.004700 0.003300 0.002100 0.001600 0.001000 0.000900 0.000800 0.000800 0.000700 0.000600 0.000500 0.000500 0.000400 0.000400 0.000400 0.000300 0.000300 0.000300 0.000300 0.000300 0.000200 0.000200 0.000200 0.000200 0.000200 0.000200 0.000200 0.000100 0.000100 0.000100 0.000100 0.000100 0.000100 0.000100 0.000100 0.000100 0.000100 0.000100
0.998036 0.000007 -0.062643 -0.000005 1.000000 0.000036 0.062643 -0.000036 0.998036
-3.989320 0.369365 7.000000
