5.41195 1.63672 76.4821
5.12806 1.57933 78.2113
5.01774 1.66776 78.8018
5.04551 1.36292 78.8017
5.01847 1.31608 77.7805
5.15587 1.78717 77.3456
5.34535 1.56228 77.0362
5.15117 1.36139 76.9868
5.32009 1.45076 76.2863
5.47998 1.64972 75.9488
5.61575 1.50085 77.173
5.68386 1.27521 77.9498
5.68578 0.759926 77.4568
6.26032 0.148472 78.9645
5.86287 0.217725 80.6503
5.44619 0.746325 79.2757
5.28934 1.06222 80.5815
5.29989 1.71094 80.6863
4.78497 1.63671 76.7561
6.24683 1.57936 77.7224
6.7551 1.6678 78.0425
6.73622 1.36295 78.0629
6.00517 1.3161 77.3493
5.59267 1.78718 77.1548
5.2369 1.56228 77.0836
5.3325 1.36139 76.9075
4.70372 1.45074 76.5557
4.34742 1.64969 76.4437
5.15361 1.50084 77.375
5.6774 1.27521 77.9526
5.31432 0.759919 77.6191
6.03048 0.148467 79.0649
7.53762 0.21776 79.9185
6.81189 0.746354 78.6789
7.87665 1.06228 79.4508
7.94637 1.71099 79.5297
