90 8 582.483613 178.997507 17.232387 13.862120 -1.601601 -1.986226 1.893941 73.271576 3.559196 1.595193 1.257322
90 9 407.227064 181.489509 57.640918 36.343009 1.594016 -7.997305 1.915829 33.268734 4.154455 1.510311 1.505638
90 10 487.231206 177.609119 28.382555 21.128974 1.519099 -8.430222 1.871581 55.888198 3.943881 1.707007 1.485437
91 8 581.794575 178.236387 17.237458 13.865205 -1.601601 -2.053690 1.818328 73.250759 3.559196 1.595193 1.257322
91 9 381.089222 182.319117 67.658013 40.980968 1.598170 -8.001601 1.910172 29.733300 4.154455 1.510311 1.505638
91 10 477.877506 177.760170 31.469914 22.714924 1.526901 -8.395517 1.855971 51.949875 3.943881 1.707007 1.485437
92 8 581.378181 178.240728 17.431316 13.878956 -1.615069 -2.098332 1.818446 73.180267 3.559196 1.595193 1.257322
92 9 347.311031 183.356440 81.276484 47.010569 1.602324 -8.005897 1.904516 26.197865 4.154455 1.510311 1.505638
92 10 468.028273 179.540540 35.220772 24.303554 1.544106 -8.376845 1.947497 48.539868 3.943881 1.707007 1.485437
93 8 580.691371 178.245102 17.893671 13.892650 -1.628537 -2.142975 1.818564 73.109774 3.559196 1.595193 1.257322
93 9 301.968784 184.690657 100.684903 55.164612 1.606478 -8.010193 1.898860 22.662431 4.154455 1.510311 1.505638
93 10 456.890185 179.221263 38.126738 26.719073 1.522035 -8.214191 1.888838 44.182326 3.943881 1.707007 1.485437
94 8 581.242540 178.062875 17.845505 13.916222 -1.625544 -2.085878 1.799530 72.977127 3.559196 1.595193 1.257322
94 9 237.897189 186.470516 130.153457 66.796035 1.610632 -8.014489 1.893204 19.126997 4.154455 1.510311 1.505638
94 10 442.839790 178.522043 44.666552 28.770719 1.563002 -8.234736 1.822416 41.036689 3.943881 1.707007 1.485437
95 8 581.795701 177.879956 17.797183 13.939898 -1.622551 -2.028780 1.780495 72.844481 3.559196 1.595193 1.257322
95 9 140.470347 188.964062 179.089082 84.703869 1.614786 -8.018785 1.887547 15.591563 4.154455 1.510311 1.505638
95 10 428.082791 180.384570 49.920841 31.369297 1.564692 -8.190404 1.888405 37.694729 3.943881 1.707007 1.485437
96 8 582.350865 177.696341 17.748704 13.963682 -1.619559 -1.971682 1.761460 72.711834 3.559196 1.595193 1.257322
96 10 406.912189 182.369186 56.197213 34.308781 1.566382 -8.415193 1.958758 34.772210 3.943881 1.707007 1.485437
97 8 582.908041 177.512027 17.700070 13.987572 -1.616566 -1.914584 1.742425 72.579188 3.559196 1.595193 1.257322
97 10 383.102980 183.018371 65.866422 38.981859 1.568072 -8.249776 1.935971 30.804249 3.943881 1.707007 1.485437
98 8 583.467241 177.327008 17.651280 14.011570 -1.613573 -1.857487 1.723390 72.446541 3.559196 1.595193 1.257322
98 10 351.702858 183.846337 79.230302 45.174090 1.569762 -8.084360 1.913183 26.836288 3.943881 1.707007 1.485437
99 8 584.028475 177.141282 17.602335 14.035677 -1.610580 -1.800389 1.704356 72.313895 3.559196 1.595193 1.257322
99 10 309.334079 184.799554 97.009071 52.727033 1.571452 -8.061998 1.892377 23.277690 3.943881 1.707007 1.485437
100 8 584.591753 176.954845 17.553235 14.059893 -1.607587 -1.743291 1.685321 72.181248 3.559196 1.595193 1.257322
100 10 250.000693 186.065435 123.680831 63.376207 1.573142 -8.039636 1.871572 19.719091 3.943881 1.707007 1.485437
101 8 585.148154 176.767692 17.512913 14.084219 -1.604594 -1.686193 1.666286 72.048602 3.559196 1.595193 1.257322
101 10 160.963105 187.827995 167.230657 79.500311 1.574832 -8.017275 1.850767 16.160492 3.943881 1.707007 1.485437
102 8 585.634659 176.579819 17.544399 14.108657 -1.601601 -1.629096 1.647251 71.915955 3.559196 1.595193 1.257322
103 8 585.629170 176.581393 17.595583 14.149239 -1.601601 -1.622452 1.646287 71.699565 3.559196 1.595193 1.257322
104 8 585.623646 176.582976 17.647085 14.190074 -1.601601 -1.615809 1.645322 71.483174 3.559196 1.595193 1.257322
104 11 484.409405 177.688737 33.178955 24.071927 1.549808 -7.808844 1.928437 51.622669 4.210928 1.734758 1.564769
105 8 585.618088 176.584569 17.698908 14.231163 -1.601601 -1.609166 1.644357 71.266784 3.559196 1.595193 1.257322
105 11 475.725758 177.954077 35.721918 25.742536 1.544259 -7.796547 1.923169 48.284360 4.210928 1.734758 1.564769
106 8 585.612495 176.586172 17.751054 14.272509 -1.601601 -1.602523 1.643392 71.050393 3.559196 1.595193 1.257322
106 11 465.687348 178.260669 38.749476 27.674142 1.538710 -7.784251 1.917901 44.946051 4.210928 1.734758 1.564769
107 8 585.606867 176.587786 17.803527 14.314113 -1.601601 -1.595880 1.642427 70.834003 3.559196 1.595193 1.257322
107 11 453.950185 178.618939 42.406651 29.933095 1.533161 -7.771954 1.912634 41.607742 4.210928 1.734758 1.564769
108 8 584.896490 176.602000 17.888266 14.381023 -1.601601 -1.652062 1.641996 70.488880 3.559196 1.595193 1.257322
108 11 439.101879 178.778905 47.698087 32.642584 1.536792 -7.778531 1.893558 38.225568 4.210928 1.734758 1.564769
109 8 584.178939 176.616358 17.973864 14.448608 -1.601601 -1.708244 1.641564 70.143756 3.559196 1.595193 1.257322
109 11 421.188031 178.971913 54.304986 35.911792 1.540424 -7.785109 1.874483 34.843394 4.210928 1.734758 1.564769
110 8 583.454107 176.630861 18.060333 14.516879 -1.601601 -1.764426 1.641133 69.798633 3.559196 1.595193 1.257322
110 11 399.149917 179.209379 62.756967 39.934136 1.544055 -7.791686 1.855408 31.461220 4.210928 1.734758 1.564769
111 8 583.211268 175.694644 18.131472 14.572323 -1.601601 -1.777016 1.551712 69.516572 3.559196 1.595193 1.257322
111 11 371.377863 179.508661 73.897412 45.003749 1.547687 -7.798263 1.836333 28.079047 4.210928 1.734758 1.564769
111 12 506.841003 176.560286 24.634092 19.007282 1.546085 -7.813682 1.817343 61.833505 3.593157 1.642934 1.480859
112 8 582.966398 174.750602 18.203207 14.628224 -1.601601 -1.789606 1.462291 69.234511 3.559196 1.595193 1.257322
112 11 335.299256 179.897503 89.145767 51.590855 1.551318 -7.804841 1.817258 24.696873 4.210928 1.734758 1.564769
112 12 501.634850 175.636088 26.241987 20.061140 1.545958 -7.750324 1.727590 58.512430 3.593157 1.642934 1.480859
113 8 582.491503 175.128587 18.249148 14.664793 -1.601601 -1.827292 1.497086 69.055763 3.559196 1.595193 1.257322
113 11 286.531854 180.423175 111.064819 60.496732 1.554950 -7.811418 1.798183 21.314699 4.210928 1.734758 1.564769
113 12 495.781028 174.597011 28.078339 21.246012 1.545831 -7.686966 1.637837 55.191355 3.593157 1.642934 1.480859
114 8 582.014077 175.508585 18.295334 14.701559 -1.601601 -1.864979 1.531881 68.877016 3.559196 1.595193 1.257322
114 11 216.953110 181.029352 144.728906 73.351246 1.558581 -7.817995 1.779108 17.932526 4.210928 1.734758 1.564769
114 12 489.424247 175.193005 30.218847 22.520265 1.548562 -7.626618 1.671695 52.031315 3.593157 1.642934 1.480859
115 8 581.534099 175.890611 18.341771 14.738524 -1.601601 -1.902665 1.566676 68.698268 3.559196 1.595193 1.257322
116 8 581.051551 176.274682 18.388455 14.775689 -1.601601 -1.940351 1.601471 68.519520 3.559196 1.595193 1.257322
117 8 580.566411 176.660816 18.435392 14.813054 -1.601601 -1.978038 1.636267 68.340773 3.559196 1.595193 1.257322
118 8 580.719033 176.676540 18.549003 14.903209 -1.601601 -1.946717 1.635433 67.909366 3.559196 1.595193 1.257322
118 12 450.994154 179.292869 44.899364 30.206998 1.578316 -7.346071 1.838742 38.799548 3.593157 1.642934 1.480859
119 8 580.873659 176.692472 18.664105 14.994547 -1.601601 -1.915395 1.634599 67.477960 3.559196 1.595193 1.257322
119 12 437.892604 179.627052 48.843004 32.729151 1.566830 -7.338949 1.828562 35.866506 3.593157 1.642934 1.480859
120 8 581.030330 176.708614 18.780726 15.087094 -1.601601 -1.884074 1.633765 67.046553 3.559196 1.595193 1.257322
120 12 422.319165 180.023960 53.714237 35.728322 1.555345 -7.331827 1.818381 32.933464 3.593157 1.642934 1.480859
121 8 581.189086 176.724970 18.898898 15.180874 -1.601601 -1.852753 1.632931 66.615147 3.559196 1.595193 1.257322
121 12 401.457130 180.602515 61.939715 39.838801 1.559824 -7.277537 1.808623 29.647679 3.593157 1.642934 1.480859
122 8 581.349969 176.741546 19.018650 15.275909 -1.601601 -1.821432 1.632097 66.183741 3.559196 1.595193 1.257322
122 12 375.024061 181.253938 72.784128 45.129483 1.564303 -7.223246 1.798865 26.361893 3.593157 1.642934 1.480859
123 8 581.599893 176.420990 19.114668 15.351841 -1.601601 -1.785873 1.601775 65.841720 3.559196 1.595193 1.257322
123 12 340.444284 182.077533 87.652039 52.080820 1.568782 -7.168956 1.789107 23.076108 3.593157 1.642934 1.480859
124 8 581.852501 176.096995 19.211714 15.428585 -1.601601 -1.750315 1.571453 65.499700 3.559196 1.595193 1.257322
124 12 292.060501 183.144720 108.895882 61.568269 1.569886 -7.156395 1.779300 19.805814 3.593157 1.642934 1.480859
125 8 582.107835 175.769506 19.309806 15.506153 -1.601601 -1.714756 1.541131 65.157680 3.559196 1.595193 1.257322
125 12 222.238883 184.592397 141.892996 75.356687 1.570990 -7.143833 1.769492 16.535520 3.593157 1.642934 1.480859
