13 0 774.175909 182.388094 283.692744 154.949255 -1.609695 3.231946 1.509560 8.672142 4.101504 1.510562 1.381664
13 2 169.655240 180.392916 68.639254 30.535333 1.539703 -20.630935 1.804147 36.706573 3.630527 1.480149 1.411824
14 0 770.452133 180.770478 269.355809 147.289066 -1.609695 3.243415 1.488704 8.971434 4.101504 1.510562 1.381664
14 2 156.851198 181.790196 72.130077 31.670560 1.542530 -20.524265 1.863427 35.556181 3.630527 1.480149 1.411824
15 0 766.996705 184.755332 256.383942 143.532049 -1.609695 3.255802 1.554745 9.269818 4.101504 1.510562 1.381664
15 2 143.145073 183.252455 75.930476 32.919361 1.545358 -20.417595 1.922708 34.405789 3.630527 1.480149 1.411824
16 0 762.166600 184.018914 242.882151 136.982966 -1.609695 3.248616 1.548157 9.593708 4.101504 1.510562 1.381664
16 2 127.899877 183.340381 80.228891 34.070596 1.550814 -20.348354 1.910880 33.281701 3.630527 1.480149 1.411824
17 0 757.598223 183.322205 230.621704 130.995988 -1.609695 3.241430 1.541569 9.917599 4.101504 1.510562 1.381664
17 2 111.530595 183.434150 84.923697 35.307442 1.556271 -20.279112 1.899051 32.157612 3.630527 1.480149 1.411824
18 0 753.270861 182.662079 219.445733 125.502630 -1.609695 3.234244 1.534981 10.241490 4.101504 1.510562 1.381664
18 2 93.908079 183.534365 90.069036 36.639809 1.561727 -20.209870 1.887222 31.033523 3.630527 1.480149 1.411824
19 0 749.165932 182.035727 209.222157 120.445019 -1.609695 3.227057 1.528394 10.565380 4.101504 1.510562 1.381664
19 2 74.882615 183.641712 95.728949 38.079198 1.567183 -20.140628 1.875394 29.909435 3.630527 1.480149 1.411824
20 0 745.266716 181.440622 199.839028 115.773919 -1.609695 3.219871 1.521806 10.889271 4.101504 1.510562 1.381664
20 2 54.279643 183.756980 101.979672 39.639032 1.572640 -20.071387 1.863565 28.785347 3.630527 1.480149 1.411824
21 0 740.419976 181.936285 190.620312 111.562291 -1.611755 3.201323 1.535155 11.244542 4.101504 1.510562 1.381664
21 2 31.614639 183.873678 108.567055 41.279621 1.574073 -20.045644 1.851917 27.696963 3.630527 1.480149 1.411824
22 0 735.824881 182.406141 182.197016 107.652591 -1.613815 3.182775 1.548505 11.599813 4.101504 1.510562 1.381664
22 2 3.687565 184.018944 116.755301 43.256258 1.575226 -20.040288 1.839331 26.498292 3.630527 1.480149 1.411824
23 0 731.462340 182.852153 174.475483 104.013180 -1.615876 3.164227 1.561854 11.955084 4.101504 1.510562 1.381664
23 2 0.000000 184.162121 101.028218 44.969436 1.576324 -20.039124 1.828005 25.415846 3.630527 1.480149 1.411824
24 0 727.315147 183.276094 167.375796 100.616714 -1.617936 3.145678 1.575204 12.310354 4.101504 1.510562 1.381664
24 2 0.000000 184.343243 76.798369 46.219000 1.576614 -20.063821 1.815689 24.212665 3.630527 1.480149 1.411824
25 0 723.367754 183.679563 160.829391 97.439444 -1.619996 3.127130 1.588554 12.665625 4.101504 1.510562 1.381664
26 0 719.523371 184.223991 154.078297 94.310843 -1.620640 3.107886 1.605665 13.045118 4.101504 1.510562 1.381664
27 0 714.011516 184.733611 147.213515 91.394433 -1.621284 3.048608 1.622568 13.422626 4.101504 1.510562 1.381664
28 0 709.668553 185.222968 141.177786 88.651146 -1.621928 3.009346 1.639574 13.801126 4.101504 1.510562 1.381664
29 0 705.528183 185.689551 135.585765 86.071534 -1.622571 2.970085 1.656581 14.179626 4.101504 1.510562 1.381664
30 0 701.576554 186.134913 130.392754 83.641231 -1.623215 2.930824 1.673588 14.558126 4.101504 1.510562 1.381664
31 0 694.462966 185.385887 125.672706 80.957721 -1.629652 2.824466 1.662803 14.939588 4.101504 1.510562 1.381664
32 0 687.659741 184.670027 121.326475 78.436323 -1.636089 2.718109 1.652017 15.321051 4.101504 1.510562 1.381664
33 0 681.147048 183.985168 117.316126 76.063012 -1.642526 2.611752 1.641231 15.702513 4.101504 1.510562 1.381664
34 0 674.906712 183.329333 113.608394 73.825318 -1.648963 2.505394 1.630446 16.083975 4.101504 1.510562 1.381664
35 0 668.922047 182.700706 110.174002 71.712121 -1.655400 2.399037 1.619660 16.465437 4.101504 1.510562 1.381664
35 1 855.702671 155.547144 386.297329 219.452856 -1.657358 3.487218 1.520827 5.758300 3.553793 1.659369 1.598096
36 0 661.651564 182.575792 105.057627 69.598689 -1.655400 2.244392 1.622299 16.900184 4.101504 1.510562 1.381664
36 1 834.788385 156.408246 407.211615 218.591754 -1.660352 3.364260 1.522143 6.045295 3.553793 1.659369 1.598096
37 0 654.708091 182.456459 100.315521 67.607460 -1.655400 2.089746 1.624939 17.334931 4.101504 1.510562 1.381664
37 1 815.352279 157.158913 426.647721 217.841087 -1.663345 3.241303 1.523458 6.332290 3.553793 1.659369 1.598096
38 0 648.070049 182.342343 95.911348 65.728159 -1.655400 1.935101 1.627578 17.769678 4.101504 1.510562 1.381664
38 1 797.243010 158.030293 423.449881 216.969707 -1.666339 3.118346 1.524774 6.619285 3.553793 1.659369 1.598096
39 0 641.717720 182.233107 91.813119 63.951633 -1.655400 1.780456 1.630218 18.204425 4.101504 1.510562 1.381664
39 1 780.329218 159.028919 390.411531 215.971081 -1.669332 2.995389 1.526089 6.906280 3.553793 1.659369 1.598096
40 0 635.633046 182.128445 87.992579 62.269697 -1.655400 1.625811 1.632857 18.639172 4.101504 1.510562 1.381664
40 1 764.496324 159.922862 361.441518 215.077138 -1.672326 2.872432 1.527405 7.193276 3.553793 1.659369 1.598096
41 0 628.509286 182.543979 84.991206 60.850736 -1.660407 1.442928 1.650376 19.060936 4.101504 1.510562 1.381664
41 1 748.347959 161.414736 330.883767 205.270843 -1.672326 2.739680 1.533368 7.538237 3.553793 1.659369 1.598096
42 0 621.663131 182.943195 82.204011 59.496290 -1.665415 1.260046 1.667895 19.482701 4.101504 1.510562 1.381664
42 1 733.361784 162.741103 304.359297 193.633894 -1.672326 2.606928 1.539331 7.883199 3.553793 1.659369 1.598096
43 0 615.078674 183.327039 79.611902 58.202017 -1.670423 1.077164 1.685413 19.904465 4.101504 1.510562 1.381664
43 1 719.416692 163.928058 281.167989 183.251459 -1.672326 2.474176 1.545294 8.228161 3.553793 1.659369 1.598096
44 0 608.741200 183.696387 77.197840 56.963956 -1.675431 0.894281 1.702932 20.326230 4.101504 1.510562 1.381664
44 1 706.407842 164.996483 260.757886 173.931038 -1.672326 2.341424 1.551257 8.573123 3.553793 1.659369 1.598096
45 0 602.637080 184.052046 74.946573 55.778493 -1.680439 0.711399 1.720451 20.747994 4.101504 1.510562 1.381664
45 1 694.244010 165.963289 242.688623 165.517599 -1.672326 2.208671 1.557220 8.918085 3.553793 1.659369 1.598096
46 0 596.895940 184.432084 73.021065 54.772221 -1.685352 0.533648 1.738486 21.126697 4.101504 1.510562 1.381664
46 1 682.188689 166.826486 227.222861 158.152349 -1.674410 2.068064 1.563111 9.251436 3.553793 1.659369 1.598096
47 0 591.338422 184.799882 71.211545 53.802339 -1.690265 0.355896 1.756521 21.505399 4.101504 1.510562 1.381664
47 1 670.841498 167.616622 213.383140 151.418323 -1.676493 1.927456 1.569001 9.584788 3.553793 1.659369 1.598096
48 0 585.955864 185.156024 69.509435 52.866889 -1.695177 0.178145 1.774557 21.884102 4.101504 1.510562 1.381664
48 1 660.141830 168.342596 200.945174 145.237704 -1.678576 1.786848 1.574892 9.918140 3.553793 1.659369 1.598096
49 0 581.710268 183.332945 68.076235 51.491302 -1.700090 0.032764 1.719312 22.267706 4.101504 1.510562 1.381664
49 1 650.035806 169.011918 189.722506 139.544967 -1.680660 1.646240 1.580783 10.251491 3.553793 1.659369 1.598096
50 0 577.596028 181.566621 66.723710 50.177667 -1.705003 -0.112617 1.664068 22.651311 4.101504 1.510562 1.381664
50 1 640.475360 169.630971 179.559026 134.284533 -1.682743 1.505633 1.586674 10.584843 3.553793 1.659369 1.598096
